areaType,areaName,areaCode,date,newAdmissions,cumAdmissions
overview,United Kingdom,K02000001,2020-11-14,1589,198185
overview,United Kingdom,K02000001,2020-11-13,1611,196596
overview,United Kingdom,K02000001,2020-11-12,1870,194985
overview,United Kingdom,K02000001,2020-11-11,1928,193115
overview,United Kingdom,K02000001,2020-11-10,1813,191187
overview,United Kingdom,K02000001,2020-11-09,1730,189374
overview,United Kingdom,K02000001,2020-11-08,1671,187644
overview,United Kingdom,K02000001,2020-11-07,1532,185973
overview,United Kingdom,K02000001,2020-11-06,1393,184441
overview,United Kingdom,K02000001,2020-11-05,1567,183048
overview,United Kingdom,K02000001,2020-11-04,1656,181481
overview,United Kingdom,K02000001,2020-11-03,1491,179825
overview,United Kingdom,K02000001,2020-11-02,1551,178334
overview,United Kingdom,K02000001,2020-11-01,1474,176783
overview,United Kingdom,K02000001,2020-10-31,1454,175309
overview,United Kingdom,K02000001,2020-10-30,1364,173855
overview,United Kingdom,K02000001,2020-10-29,1575,172491
overview,United Kingdom,K02000001,2020-10-28,1477,170916
overview,United Kingdom,K02000001,2020-10-27,1475,169439
overview,United Kingdom,K02000001,2020-10-26,1517,167964
overview,United Kingdom,K02000001,2020-10-25,1419,166447
overview,United Kingdom,K02000001,2020-10-24,1244,165028
overview,United Kingdom,K02000001,2020-10-23,1280,163784
overview,United Kingdom,K02000001,2020-10-22,1267,162504
overview,United Kingdom,K02000001,2020-10-21,1255,161237
overview,United Kingdom,K02000001,2020-10-20,1175,159982
overview,United Kingdom,K02000001,2020-10-19,1088,158807
overview,United Kingdom,K02000001,2020-10-18,1080,157719
overview,United Kingdom,K02000001,2020-10-17,1022,156639
overview,United Kingdom,K02000001,2020-10-16,901,155617
overview,United Kingdom,K02000001,2020-10-15,1033,154716
overview,United Kingdom,K02000001,2020-10-14,976,153683
overview,United Kingdom,K02000001,2020-10-13,1020,152707
overview,United Kingdom,K02000001,2020-10-12,878,151687
overview,United Kingdom,K02000001,2020-10-11,818,150809
overview,United Kingdom,K02000001,2020-10-10,716,149991
overview,United Kingdom,K02000001,2020-10-09,699,149275
overview,United Kingdom,K02000001,2020-10-08,703,148576
overview,United Kingdom,K02000001,2020-10-07,680,147873
overview,United Kingdom,K02000001,2020-10-06,715,147193
overview,United Kingdom,K02000001,2020-10-05,622,146478
overview,United Kingdom,K02000001,2020-10-04,627,145856
overview,United Kingdom,K02000001,2020-10-03,532,145229
overview,United Kingdom,K02000001,2020-10-02,523,144697
overview,United Kingdom,K02000001,2020-10-01,518,144174
overview,United Kingdom,K02000001,2020-09-30,446,143656
overview,United Kingdom,K02000001,2020-09-29,437,143210
overview,United Kingdom,K02000001,2020-09-28,438,142773
overview,United Kingdom,K02000001,2020-09-27,339,142335
overview,United Kingdom,K02000001,2020-09-26,346,141996
overview,United Kingdom,K02000001,2020-09-25,380,141650
overview,United Kingdom,K02000001,2020-09-24,419,141270
overview,United Kingdom,K02000001,2020-09-23,415,140851
overview,United Kingdom,K02000001,2020-09-22,350,140436
overview,United Kingdom,K02000001,2020-09-21,368,140086
overview,United Kingdom,K02000001,2020-09-20,286,139718
overview,United Kingdom,K02000001,2020-09-19,258,139432
overview,United Kingdom,K02000001,2020-09-18,258,139174
overview,United Kingdom,K02000001,2020-09-17,261,138916
overview,United Kingdom,K02000001,2020-09-16,282,138655
overview,United Kingdom,K02000001,2020-09-15,266,138373
overview,United Kingdom,K02000001,2020-09-14,254,138107
overview,United Kingdom,K02000001,2020-09-13,222,137853
overview,United Kingdom,K02000001,2020-09-12,213,137631
overview,United Kingdom,K02000001,2020-09-11,228,137418
overview,United Kingdom,K02000001,2020-09-10,217,137190
overview,United Kingdom,K02000001,2020-09-09,198,136973
overview,United Kingdom,K02000001,2020-09-08,182,136775
overview,United Kingdom,K02000001,2020-09-07,138,136593
overview,United Kingdom,K02000001,2020-09-06,135,136455
overview,United Kingdom,K02000001,2020-09-05,131,136320
overview,United Kingdom,K02000001,2020-09-04,152,136189
overview,United Kingdom,K02000001,2020-09-03,145,136037
overview,United Kingdom,K02000001,2020-09-02,143,135892
overview,United Kingdom,K02000001,2020-09-01,133,135749
overview,United Kingdom,K02000001,2020-08-31,90,135616
overview,United Kingdom,K02000001,2020-08-30,76,135526
overview,United Kingdom,K02000001,2020-08-29,109,135450
overview,United Kingdom,K02000001,2020-08-28,137,135341
overview,United Kingdom,K02000001,2020-08-27,149,135204
overview,United Kingdom,K02000001,2020-08-26,127,135055
overview,United Kingdom,K02000001,2020-08-25,120,134928
overview,United Kingdom,K02000001,2020-08-24,91,134808
overview,United Kingdom,K02000001,2020-08-23,73,134717
overview,United Kingdom,K02000001,2020-08-22,70,134644
overview,United Kingdom,K02000001,2020-08-21,109,134574
overview,United Kingdom,K02000001,2020-08-20,95,134465
overview,United Kingdom,K02000001,2020-08-19,113,134370
overview,United Kingdom,K02000001,2020-08-18,128,134257
overview,United Kingdom,K02000001,2020-08-17,94,134129
overview,United Kingdom,K02000001,2020-08-16,80,134035
overview,United Kingdom,K02000001,2020-08-15,98,133955
overview,United Kingdom,K02000001,2020-08-14,100,133857
overview,United Kingdom,K02000001,2020-08-13,128,133757
overview,United Kingdom,K02000001,2020-08-12,101,133629
overview,United Kingdom,K02000001,2020-08-11,113,133528
overview,United Kingdom,K02000001,2020-08-10,84,133415
overview,United Kingdom,K02000001,2020-08-09,106,133331
overview,United Kingdom,K02000001,2020-08-08,141,133225
overview,United Kingdom,K02000001,2020-08-07,116,133084
overview,United Kingdom,K02000001,2020-08-06,100,132968
overview,United Kingdom,K02000001,2020-08-05,138,132868
overview,United Kingdom,K02000001,2020-08-04,126,132730
overview,United Kingdom,K02000001,2020-08-03,109,132604
overview,United Kingdom,K02000001,2020-08-02,93,132495
overview,United Kingdom,K02000001,2020-08-01,127,132402
overview,United Kingdom,K02000001,2020-07-31,113,132275
overview,United Kingdom,K02000001,2020-07-30,129,132162
overview,United Kingdom,K02000001,2020-07-29,132,132033
overview,United Kingdom,K02000001,2020-07-28,119,131901
overview,United Kingdom,K02000001,2020-07-27,128,131782
overview,United Kingdom,K02000001,2020-07-26,109,131654
overview,United Kingdom,K02000001,2020-07-25,118,131545
overview,United Kingdom,K02000001,2020-07-24,157,131427
overview,United Kingdom,K02000001,2020-07-23,199,131270
overview,United Kingdom,K02000001,2020-07-22,157,131071
overview,United Kingdom,K02000001,2020-07-21,125,130914
overview,United Kingdom,K02000001,2020-07-20,130,130789
overview,United Kingdom,K02000001,2020-07-19,126,130659
overview,United Kingdom,K02000001,2020-07-18,105,130533
overview,United Kingdom,K02000001,2020-07-17,143,130428
overview,United Kingdom,K02000001,2020-07-16,166,130285
overview,United Kingdom,K02000001,2020-07-15,165,130119
overview,United Kingdom,K02000001,2020-07-14,185,129954
overview,United Kingdom,K02000001,2020-07-13,189,129769
overview,United Kingdom,K02000001,2020-07-12,114,129580
overview,United Kingdom,K02000001,2020-07-11,175,129466
overview,United Kingdom,K02000001,2020-07-10,174,129291
overview,United Kingdom,K02000001,2020-07-09,212,129117
overview,United Kingdom,K02000001,2020-07-08,208,128905
overview,United Kingdom,K02000001,2020-07-07,214,128697
overview,United Kingdom,K02000001,2020-07-06,205,128483
overview,United Kingdom,K02000001,2020-07-05,195,128278
overview,United Kingdom,K02000001,2020-07-04,201,128083
overview,United Kingdom,K02000001,2020-07-03,213,127882
overview,United Kingdom,K02000001,2020-07-02,215,127669
overview,United Kingdom,K02000001,2020-07-01,269,127454
overview,United Kingdom,K02000001,2020-06-30,295,127185
overview,United Kingdom,K02000001,2020-06-29,219,126890
overview,United Kingdom,K02000001,2020-06-28,207,126671
overview,United Kingdom,K02000001,2020-06-27,286,126464
overview,United Kingdom,K02000001,2020-06-26,337,126178
overview,United Kingdom,K02000001,2020-06-25,323,125841
overview,United Kingdom,K02000001,2020-06-24,369,125518
overview,United Kingdom,K02000001,2020-06-23,361,125149
overview,United Kingdom,K02000001,2020-06-22,393,124788
overview,United Kingdom,K02000001,2020-06-21,287,124395
overview,United Kingdom,K02000001,2020-06-20,257,124108
overview,United Kingdom,K02000001,2020-06-19,337,123851
overview,United Kingdom,K02000001,2020-06-18,402,123514
overview,United Kingdom,K02000001,2020-06-17,433,123112
overview,United Kingdom,K02000001,2020-06-16,454,122679
overview,United Kingdom,K02000001,2020-06-15,440,122225
overview,United Kingdom,K02000001,2020-06-14,364,121785
overview,United Kingdom,K02000001,2020-06-13,387,121421
overview,United Kingdom,K02000001,2020-06-12,391,121034
overview,United Kingdom,K02000001,2020-06-11,446,120643
overview,United Kingdom,K02000001,2020-06-10,513,120197
overview,United Kingdom,K02000001,2020-06-09,492,119684
overview,United Kingdom,K02000001,2020-06-08,412,119192
overview,United Kingdom,K02000001,2020-06-07,406,118780
overview,United Kingdom,K02000001,2020-06-06,406,118374
overview,United Kingdom,K02000001,2020-06-05,474,117968
overview,United Kingdom,K02000001,2020-06-04,564,117494
overview,United Kingdom,K02000001,2020-06-03,633,116930
overview,United Kingdom,K02000001,2020-06-02,667,116297
overview,United Kingdom,K02000001,2020-06-01,604,115630
overview,United Kingdom,K02000001,2020-05-31,528,115026
overview,United Kingdom,K02000001,2020-05-30,568,114498
overview,United Kingdom,K02000001,2020-05-29,615,113930
overview,United Kingdom,K02000001,2020-05-28,702,113315
overview,United Kingdom,K02000001,2020-05-27,712,112613
overview,United Kingdom,K02000001,2020-05-26,697,111901
overview,United Kingdom,K02000001,2020-05-25,602,111204
overview,United Kingdom,K02000001,2020-05-24,587,110602
overview,United Kingdom,K02000001,2020-05-23,644,110015
overview,United Kingdom,K02000001,2020-05-22,738,109371
overview,United Kingdom,K02000001,2020-05-21,840,108633
overview,United Kingdom,K02000001,2020-05-20,851,107793
overview,United Kingdom,K02000001,2020-05-19,879,106942
overview,United Kingdom,K02000001,2020-05-18,850,106063
overview,United Kingdom,K02000001,2020-05-17,793,105213
overview,United Kingdom,K02000001,2020-05-16,816,104420
overview,United Kingdom,K02000001,2020-05-15,870,103604
overview,United Kingdom,K02000001,2020-05-14,910,102734
overview,United Kingdom,K02000001,2020-05-13,968,101824
overview,United Kingdom,K02000001,2020-05-12,986,100856
overview,United Kingdom,K02000001,2020-05-11,1029,99870
overview,United Kingdom,K02000001,2020-05-10,914,98841
overview,United Kingdom,K02000001,2020-05-09,941,97927
overview,United Kingdom,K02000001,2020-05-08,910,96986
overview,United Kingdom,K02000001,2020-05-07,1165,96076
overview,United Kingdom,K02000001,2020-05-06,1206,94911
overview,United Kingdom,K02000001,2020-05-05,1147,93705
overview,United Kingdom,K02000001,2020-05-04,1279,92558
overview,United Kingdom,K02000001,2020-05-03,1221,91279
overview,United Kingdom,K02000001,2020-05-02,1179,90058
overview,United Kingdom,K02000001,2020-05-01,1261,88879
overview,United Kingdom,K02000001,2020-04-30,1444,87618
overview,United Kingdom,K02000001,2020-04-29,1486,86174
overview,United Kingdom,K02000001,2020-04-28,1516,84688
overview,United Kingdom,K02000001,2020-04-27,1538,83172
overview,United Kingdom,K02000001,2020-04-26,1355,81634
overview,United Kingdom,K02000001,2020-04-25,1254,80279
overview,United Kingdom,K02000001,2020-04-24,1526,79025
overview,United Kingdom,K02000001,2020-04-23,1513,77499
overview,United Kingdom,K02000001,2020-04-22,1530,75986
overview,United Kingdom,K02000001,2020-04-21,1713,74456
overview,United Kingdom,K02000001,2020-04-20,1738,72743
overview,United Kingdom,K02000001,2020-04-19,1656,71005
overview,United Kingdom,K02000001,2020-04-18,1628,69349
overview,United Kingdom,K02000001,2020-04-17,1966,67721
overview,United Kingdom,K02000001,2020-04-16,2010,65755
overview,United Kingdom,K02000001,2020-04-15,1880,63745
overview,United Kingdom,K02000001,2020-04-14,2088,61865
overview,United Kingdom,K02000001,2020-04-13,2160,59777
overview,United Kingdom,K02000001,2020-04-12,2066,57617
overview,United Kingdom,K02000001,2020-04-11,2162,55551
overview,United Kingdom,K02000001,2020-04-10,2460,53389
overview,United Kingdom,K02000001,2020-04-09,2629,50929
overview,United Kingdom,K02000001,2020-04-08,2966,48300
overview,United Kingdom,K02000001,2020-04-07,3150,45334
overview,United Kingdom,K02000001,2020-04-06,3046,42184
overview,United Kingdom,K02000001,2020-04-05,2913,39138
overview,United Kingdom,K02000001,2020-04-04,2922,36225
overview,United Kingdom,K02000001,2020-04-03,2930,33303
overview,United Kingdom,K02000001,2020-04-02,3283,30373
overview,United Kingdom,K02000001,2020-04-01,3564,27090
overview,United Kingdom,K02000001,2020-03-31,2835,23526
overview,United Kingdom,K02000001,2020-03-30,3189,20691
overview,United Kingdom,K02000001,2020-03-29,2491,17502
overview,United Kingdom,K02000001,2020-03-28,2193,15011
overview,United Kingdom,K02000001,2020-03-27,2224,12818
overview,United Kingdom,K02000001,2020-03-26,1930,10594
overview,United Kingdom,K02000001,2020-03-25,2084,8664
overview,United Kingdom,K02000001,2020-03-24,1719,6580
overview,United Kingdom,K02000001,2020-03-23,1271,4861
